my <- 14.0